id		total_contributions		longest_streak		current_streak		followers		starred		following		
0 			340						7					7					139				856			2
1 			5						1					0					2				0			0
2 			24						2					0					0				0			0
3 			77						6					0					3				0			1
4 			194						3					0					571				27			25
5 			0						0					0					6				0			4
6 			20						2					0					0				0			0
7 			279						5					3					45				29			11
8 			26						2					0					104				29			5
9 			0						0					0					1				0			0
10 			694						6					4					112				3			0
11 			0						0					0					4				3			12
12 			0						0					0					4				0			0
13 			611						358					0					480				21			6
14 			302						5					2					12				3			0
15 			15						1					0					4				0			0
16 			3						1					0					174				1			4
17 			9						1					0					92				24			7
18 			0						0					0					0				0			3
19 			117						3					0					11				21			9
20 			919						15					0					241				88			9
21 			0						0					0					3				0			1
22 			4						2					0					1				0			0
23 			0						0					0					94				1			0
24 			13						1					0					1				0			2
25 			9						1					0					7				2			4
26 			0						0					0					3				0			0
27 			4						1					0					3				0			0
28 			10						1					0					4				0			1
29 			168						3					0					25				82			10
30 			69						2					0					56				202			29
31 			19						2					0					109				1			20
32 			192						4					0					170				53			20
33 			172						15					0					21				47			37
34 			1						1					0					4				0			0
35 			42						2					0					17				96			10
36 			204						5					0					156				89			5
37 			3						1					0					85				52			14
38 			137						4					0					160				680			208
39 			79						3					0					152				106			2
40 			47						2					0					48				52			3
41 			0						0					0					1				0			0
42 			0						0					0					8100			12			34
43 			577						8					0					363				419			148
44 			461						10					0					21				27			16
45 			14						1					0					6				0			12
46 			0						0					0					46				0			1
47 			0						0					0					88				3			1
48 			219						5					0					62				231			47
49 			220						4					0					221				119			0
50 			0						0					0					1				0			4
51 			1977					13					4					631				1300		202
52 			243						9					0					13				57			16
53 			633						7					0					1300			387			166
54 			6						2					0					114				8			129
55 			0						0					0					9				0			15
56 			2043					2					0					891				363			47
57 			0						0					0					1				0			0
58 			21						1					0					4				2			5
59 			395						4					0					224				13			0
60 			432						5					0					743				28			13
61 			0						0					0					5				0			1
62 			2						1					0					97				64			75
63 			5						1					0					6				0			0
64 			25						1					0					120				6			0
65 			4						1					0					0				0			0
66 			6						2					0					26				8			4
67 			76						5					0					5700				102			91
68 			43						2					0					1				31			0
69 			16						1					0					4				0			4
70 			0						0					0					3				5			0
71 			996						12					0					110				40			30
72 			12						2					0					10				5			4
73 			109						3					0					169				21			1
74 			220						3					0					134				21			1
75 			20						2					0					20				88			12
76 			884						7					0					5100				301			83
77 			264						3					2					41				24			69
78 			602						15					2					208				19			6
79 			0						0					0					1				0			1
80 			8						2					0					57				22			7
81 			30						3					3					117				25			7
82 			163						9					0					1100				11			7
83 			1						1					0					53				0			16
84 			0						0					0					3				3			1
85 			93						3					0					89				72			12
86 			5						1					0					142				42			10
87 			0						0					0					0				0			0
88 			506						5					0					937				614			33
89 			0						0					0					6				0			0
90 			268						25					25					9				51			2
91 			0						0					0					0				0			0
92 			16						1					0					102				38			4
93 			0						0					0					2				0			0
94 			0						0					0					1				0			3
95 			41						3					2					282				158			76
96 			27						2					0					11				1			0
97 			1						1					0					10				0			0
98 			58						4					0					28				5			2
99 			41						1					0					176				55			6
100 		0						0					0					8				0			2
101 		0						0					0					48				0			0
102 		0						0					0					4				0			1
103 		4169						12					3					2500				172			10
104 		15						3					0					39				404			24
105 		68						3					0					11				7			5
106 		75						4					0					146				127			30
107 		5						1					0					4				0			0
108 		9						1					0					4				0			0
109 		0						0					0					21				0			2
110 		209						5					0					11				3			0
111 		131						5					0					27				34			30
112 		0						0					0					2				0			2
113 		39						3					0					4				3			18
114 		0						0					0					91				0			0
115 		3						1					0					99				44			119
116 		66						5					0					20				8			1
117 		3						1					0					77				1			2
118 		270						8					0					20				1			28
119 		11						2					0					23				26			0
120 		874						12					0					9600				133			1
121 		0						0					0					0				0			0
122 		392						9					0					112				69			34
123 		44						2					0					381				120			183
124 		38						2					0					201				312			104
125 		0						0					0					43				1			2
126 		0						0					0					3				0			1
127 		834						16					0					103				38			5
128 		7						1					0					5				0			9
129 		0						0					0					2				0			0
130 		10						1					0					0				0			0
131 		0						0					0					8				0			0
132 		8						2					0					9				11			16
133 		25						2					0					152				33			4
134 		39						2					0					322				68			37
135 		40						2					0					5				1			3
136 		1026						10					0					1800				501			20
137 		1						1					0					1				0			14
138 		6						2					0					11				8			0
139 		6						2					0					2				0			0
140 		36						3					0					89				26			11
141 		22						1					0					12				2			3
142 		0						0					0					3				0			0
143 		1						1					0					6				5			2
144 		2336						33					0					265				31			2
145 		205						4					2					4				9			4
146 		900						22					2					98				172			20
147 		0						0					0					15				0			0
148 		1						1					0					0				0			0
149 		116						2					0					27				16			5
150 		246						9					0					42				43			16
151 		792						11					3					1800				45			15
152 		150						4					0					13				647			31
153 		12						1					0					28				20			12
154 		5						2					0					21				28			9
155 		68						2					0					582				821			115
156 		5						1					0					3				0			0
157 		2						1					0					0				0			0
158 		5						1					0					1				0			0
159 		570						30					0					44				63			65
160 		1						1					0					14				0			0
161 		0						0					0					4				0			2
162 		399						14					0					495				179			5
163 		20						1					0					73				54			13
164 		66						2					0					18				13			41
165 		96						3					0					53				6			10
166 		6						2					0					14				17			31
167 		14						1					0					2				0			0
168 		8						1					0					4				0			0
169 		175						2					0					232				149			210
170 		1232						12					11					311				126			51
171 		334						5					0					183				59			12
172 		114						3					0					5000				253			104
173 		0						0					0					4				0			1
174 		10						1					0					2				0			0
175 		1						1					0					7				1			1
176 		806						10					2					7				2			1
177 		0						0					0					3				0			0
178 		9						2					2					16				31			24
179 		473						12					0					1700				816			121
180 		706						682					682					141				124			18
181 		0						0					0					0				0			1
182 		22						2					0					0				9			0
183 		17						3					0					65				5			2
184 		47						1					0					30				0			13
185 		0						0					0					0				0			0
186 		1						1					0					83				42			12
187 		0						0					0					0				0			1
188 		125						6					0					9				6			30
189 		69						3					0					26				67			56
190 		0						0					0					49				0			0
191 		4						1					0					153				584			54
192 		27						2					0					0				0			0
193 		5						1					0					87				31			15
194 		38						2					0					16				3			7
195 		2						1					0					10				0			3
196 		0						0					0					5				0			1
197 		8						1					0					1				32			1
198 		0						0					0					3				0			0
199 		86						5					0					33				132			21
200 		1						1					0					4				0			0
201 		92						3					0					90				20			3
202 		0						0					0					1				0			0
203 		0						0					0					53				6			8
204 		1						1					0					2				0			0
205 		3						1					0					0				0			0
206 		6						1					0					11				29			7
207 		0						0					0					6				0			1
208 		0						0					0					12				0			1
209 		30						3					0					1				3			2
210 		3450						23					4					3400				284			124
211 		15						1					0					416				60			0
212 		0						0					0					8				0			0
213 		17						1					0					60				29			35
214 		0						0					0					7				0			0
215 		0						0					0					2				3			0
216 		204						8					0					60				10			2
217 		0						0					0					2				0			0
218 		5						1					0					2				2			2
219 		0						0					0					0				0			0
220 		6						1					0					11				54			13
221 		3						1					0					0				0			0
222 		0						0					0					7				0			0
223 		0						0					0					7				0			0
224 		491						6					0					547				310			62
225 		5						1					0					2				2			2
226 		4011						27					5					2200				112			32
227 		69						3					0					2				1			4
228 		148						8					0					159				177			21
229 		7						1					0					3				2			20
230 		0						0					0					1				0			0
231 		0						0					0					3				0			0
232 		360						6					0					14				72			0
233 		42						3					0					12				22			0
234 		0						0					0					0				0			0
235 		352						9					0					203				152			31
236 		1030						25					3					1600				609			65
237 		0						0					0					0				0			0
238 		2						1					0					2				0			2
239 		9						1					0					14				2			25
240 		0						0					0					63				0			0
241 		94						3					0					29				35			0
242 		16						1					0					37				45			11
243 		401						4					0					222				84			0
244 		0						0					0					3				0			4
245 		20						1					0					80				18			1
246 		34						2					0					10				1			0
247 		32						2					0					58				38			4
248 		207						4					0					462				405			27
249 		15						1					0					119				81			33
250 		0						0					0					8				0			0
251 		1195						7					0					1100				232			40
252 		1						1					0					122				0			3
253 		12						2					0					23				0			3
254 		26						1					0					84				104			50
255 		282						4					0					956				57			20
256 		868						12					0					232				127			0
257 		2						1					0					0				3			8
258 		0						0					0					3				0			0
259 		2						1					0					5				2			9
260 		1						1					0					2				1			0
261 		64						3					0					117				62			21
262 		60						6					0					4				5			4
263 		0						0					0					3				0			1
264 		369						7					0					78				78			3
265 		151						3					0					55				14			9
266 		298						6					0					933				803			343
267 		293						5					0					42				9			2
268 		1						1					0					0				0			0
269 		10						1					0					29				2			16
270 		0						0					0					0				0			0
271 		13						2					2					0				0			0
272 		4						1					0					7				0			1
273 		54						2					0					2				9			17
274 		0						0					0					65				2			6
275 		2						1					0					17				0			3
276 		35						3					0					86				216			15
277 		63						4					0					25				344			36
278 		1						1					0					63				0			0
279 		10						1					0					45				0			7
280 		30						2					0					614				310			72
281 		0						0					0					4				0			0
282 		895						18					0					262				212			89
283 		1						1					0					0				0			0
284 		0						0					0					3				0			0
285 		70						3					0					92				112			2
286 		0						0					0					0				0			0
287 		0						0					0					28				0			0
288 		5						1					0					0				0			0
289 		6						1					0					340				62			0
290 		47						3					0					30				254			85
291 		2						1					0					19				2			2
292 		0						0					0					80				0			0
293 		117						3					0					122				1100			139
294 		317						5					0					170				305			39
295 		169						3					0					195				227			48
296 		0						0					0					62				0			0
297 		7						1					0					4				3			2
298 		9						1					0					0				0			0
299 		286						5					0					178				137			8
300 		5						1					0					0				0			0
301 		63						3					0					62				20			10
302 		32						2					0					80				256			18
303 		505						9					0					243				103			1
304 		26						3					0					144				68			37
305 		86						3					0					139				66			8
306 		616						4					0					55				12			9
307 		100						2					0					31				27			41
308 		25						2					0					31				14			1
309 		1						1					0					82				80			6
310 		0						0					0					8				0			2
311 		0						0					0					15				0			3
312 		71						4					0					17				99			15
313 		164						5					0					118				52			26
314 		127						3					0					38				19			81
315 		4						1					0					383				168			72
316 		2						1					0					8				0			0
317 		0						0					0					2				0			0
318 		34						3					0					433				2			0
319 		833						12					0					116				131			22
320 		1356						9					4					46				6			1
321 		55						2					2					11				106			14
322 		0						0					0					70				11			6
323 		74						2					0					10700				306			22
324 		1358						18					0					751				147			67
325 		6						1					0					8				0			0
326 		249						6					0					344				128			42
327 		0						0					0					3				0			0
328 		257						4					2					88				25			5
329 		10						1					0					0				5			2
330 		0						0					0					5				0			0
331 		0						0					0					7				0			1
332 		202						4					0					17				19			2
333 		18						1					0					9				7			8
334 		0						0					0					14				0			0
335 		83						3					0					1900				258			100
336 		0						0					0					0				0			0
337 		120						5					0					362				872			258
338 		0						0					0					1				0			0
339 		32						1					0					4				5			3
340 		14						2					0					7				1			0
341 		38						2					0					5				56			5
342 		29						2					0					446				720			142
343 		0						0					0					2				0			0
344 		52						3					0					124				3			19
345 		18						1					0					35				47			19
346 		68						5					0					90				49			0
347 		51						2					0					95				268			17
348 		0						0					0					2				4			16
349 		4						1					0					2				1			0
350 		0						0					0					0				0			0
351 		0						0					0					0				0			0
352 		3						1					0					152				48			0
353 		840						7					0					82				190			43
354 		0						0					0					36				22			43
355 		29						2					0					2				3			1
356 		0						0					0					8				0			0
357 		21						2					0					277				95			250
358 		22						2					0					125				14			7
359 		124						3					3					66				29			4
360 		56						4					0					54				0			0
361 		1						1					0					72				30			16
362 		999						70					0					451				465			1400
363 		0						0					0					11				0			0
364 		9						1					0					11				29			0
365 		551						6					0					38				6			0
366 		1						1					0					170				41			8
367 		71						4					0					248				145			37
368 		50						2					0					8				6			3
369 		99						4					0					440				710			85
370 		0						0					0					4				0			0
371 		38						2					2					3				6			0
372 		256						5					0					544				276			136
373 		95						2					0					5				0			0
374 		5						2					0					38				0			0
375 		6						2					0					121				5			4
376 		1300					13					2					2200				301			17
377 		3						1					0					3				0			0
378 		5897					26					0					669				129			14
379 		7						1					0					2				0			0
380 		340						4					2					213				105			6
381 		0						0					0					3				0			0
382 		24						1					0					14				0			4
383 		2183					19					0					307				117			10
384 		0						0					0					0				0			0
385 		0						0					0					7				0			0
386 		57						3					0					74				367			8
387 		3						1					0					51				15			7
388 		30						3					0					3				9			7
389 		2						1					0					119				6			5
390 		233						11					3					143				39			2
391 		0						0					0					4				0			2
392 		0						0					0					36				0			0
393 		0						0					0					0				0			0
394 		1309					24					2					93				865			69
395 		159						3					0					11				9			5
396 		0						0					0					1				10			0
397 		8						3					0					1				14			6
398 		67						3					0					22				0			23
399 		21						1					0					160				50			1
400 		2618					27					3					88				152			15
401 		1						1					0					56				41			5
402 		0						0					0					0				0			0
403 		35						1					0					262				34			90
404 		588						11					0					49				31			4
405 		614						6					0					817				133			14
406 		22						2					0					8				82			3
407 		22						1					0					1				1			18
408 		0						0					0					5				0			0
409 		0						0					0					2				0			1
410 		0						0					0					5				0			0
411 		1						1					0					2				0			2
412 		0						0					0					6				2			0
413 		12						1					0					4				0			2
414 		3						1					0					135				1			15
415 		0						0					0					21				2			7
416 		1						1					0					6				0			1
417 		5						1					0					0				0			0
418 		0						0					0					0				0			0
419 		7						1					0					10				63			13
420 		0						0					0					0				0			0
421 		3						1					0					1				5			0
422 		44						2					0					9				0			25
423 		37						2					0					314				956			39
424 		19						1					0					0				0			0
425 		256						5					2					136				233			54
426 		18						1					0					79				1			2
427 		5						1					0					0				0			0
428 		0						0					0					2				0			0
429 		2069					20					5					339				13			3
430 		42						3					0					26				12			1
431 		7						1					0					1				0			0
432 		8						1					0					25				136			29
433 		13						2					0					111				0			3
434 		97						3					0					180				36			3
435 		7						2					0					4				1			7
436 		139						4					0					41				46			8
437 		3						1					0					6				2			9
438 		0						0					0					0				0			0
439 		0						0					0					0				0			0
440 		26						2					0					33				29			3
441 		0						0					0					0				0			0
442 		7						2					0					85				18			5
443 		1						1					0					136				3			1
444 		29						2					0					14				0			4
445 		10						2					0					46				1			39
446 		35						4					0					21				121			413
447 		227						4					0					94				191			79
448 		6						1					0					56				6			8
449 		310						5					0					204				218			6
450 		0						0					0					1				0			0
451 		40						4					0					4				1			0
452 		0						0					0					0				0			0
453 		4						1					0					68				4			1
454 		13						1					0					15100				564			208
455 		556						15					0					410				181			333
456 		92						3					0					84				84			42
457 		1986						19					2					535				52			2
458 		221						10					0					16				20			10
459 		83						3					0					27				715			40
460 		19						2					2					2				0			0
461 		4						1					0					2				0			1
462 		255						4					0					52				84			0
463 		2						1					0					0				0			0
464 		1694						76					4					8800				178			32
465 		5						1					0					0				1			8
466 		119						5					0					16				18			1
467 		42						2					0					184				566			26
468 		0						0					0					5				0			1
469 		237						6					3					391				131			26
470 		0						0					0					0				1			0
471 		0						0					0					7				0			0
472 		0						0					0					4				0			0
473 		171						4					0					17				3			6
474 		235						30					7					455				658			304
475 		19						1					0					11				0			0
